function O = OctehadralGroup

% Octahedral group
    O(:,:,1)=[-1,0,0;0,-1,0;0,0,-1];
    O(:,:,2)=[-1,0,0;0,-1,0;0,0,1];
    O(:,:,3)=[-1,0,0;0,0,-1;0,-1,0];
    O(:,:,4)=[-1,0,0;0,0,-1;0,1,0];
    O(:,:,5)=[-1,0,0;0,0,1;0,-1,0];
    O(:,:,6)=[-1,0,0;0,0,1;0,1,0];
    O(:,:,7)=[-1,0,0;0,1,0;0,0,-1];
    O(:,:,8)=[-1,0,0;0,1,0;0,0,1];
    O(:,:,9)=[0,-1,0;-1,0,0;0,0,-1];
    O(:,:,10)=[0,-1,0;-1,0,0;0,0,1];
    O(:,:,11)=[0,-1,0;0,0,-1;-1,0,0];
    O(:,:,12)=[0,-1,0;0,0,-1;1,0,0];
    O(:,:,13)=[0,-1,0;0,0,1;-1,0,0];
    O(:,:,14)=[0,-1,0;0,0,1;1,0,0];
    O(:,:,15)=[0,-1,0;1,0,0;0,0,-1];
    O(:,:,16)=[0,-1,0;1,0,0;0,0,1];
    O(:,:,17)=[0,0,-1;-1,0,0;0,-1,0];
    O(:,:,18)=[0,0,-1;-1,0,0;0,1,0];
    O(:,:,19)=[0,0,-1;0,-1,0;-1,0,0];
    O(:,:,20)=[0,0,-1;0,-1,0;1,0,0];
    O(:,:,21)=[0,0,-1;0,1,0;-1,0,0];
    O(:,:,22)=[0,0,-1;0,1,0;1,0,0];
    O(:,:,23)=[0,0,-1;1,0,0;0,-1,0];
    O(:,:,24)=[0,0,-1;1,0,0;0,1,0];
    O(:,:,25)=[0,0,1;-1,0,0;0,-1,0];
    O(:,:,26)=[0,0,1;-1,0,0;0,1,0];
    O(:,:,27)=[0,0,1;0,-1,0;-1,0,0];
    O(:,:,28)=[0,0,1;0,-1,0;1,0,0];
    O(:,:,29)=[0,0,1;0,1,0;-1,0,0];
    O(:,:,30)=[0,0,1;0,1,0;1,0,0];
    O(:,:,31)=[0,0,1;1,0,0;0,-1,0];
    O(:,:,32)=[0,0,1;1,0,0;0,1,0];
    O(:,:,33)=[0,1,0;-1,0,0;0,0,-1];
    O(:,:,34)=[0,1,0;-1,0,0;0,0,1];
    O(:,:,35)=[0,1,0;0,0,-1;-1,0,0];
    O(:,:,36)=[0,1,0;0,0,-1;1,0,0];
    O(:,:,37)=[0,1,0;0,0,1;-1,0,0];
    O(:,:,38)=[0,1,0;0,0,1;1,0,0];
    O(:,:,39)=[0,1,0;1,0,0;0,0,-1];
    O(:,:,40)=[0,1,0;1,0,0;0,0,1];
    O(:,:,41)=[1,0,0;0,-1,0;0,0,-1];
    O(:,:,42)=[1,0,0;0,-1,0;0,0,1];
    O(:,:,43)=[1,0,0;0,0,-1;0,-1,0];
    O(:,:,44)=[1,0,0;0,0,-1;0,1,0];
    O(:,:,45)=[1,0,0;0,0,1;0,-1,0];
    O(:,:,46)=[1,0,0;0,0,1;0,1,0];
    O(:,:,47)=[1,0,0;0,1,0;0,0,-1];
    O(:,:,48)=[1,0,0;0,1,0;0,0,1];