%% Initialize data

%simulated data - replace <dictionary> and <exps> with real values
%q=[0.160927,0.141777,0.243084,0.00698717,0.122038,0.20711,0.16178,0.0542971,0.117007,0.0203229,0.223415,0.0320208,0.056621,0.233519,0.0362676,0.159154];
%csim=[440,338,299,291,470,448,269,464,462,284,266,496,254,471];

%dictionary for the experimental counts
dictionary=[[0, 0, 0, 0, 0, 0, 0, 1]; [0, 0, 0, 0, 0, 0, 1, 0]; [0, 0, 0, 0, 0, 0, 1, 1]; [0, 0, 0, 0, 0, 1, 0, 0]; [0, 0, 0, 0, 0, 1, 0, 1]; [0, 0, 0, 0, 0, 1, 1, 0]; [0, 0, 0, 0, 0, 1, 1, 1]; [0, 0, 0, 0, 1, 0, 0, 0]; [0, 0, 0, 0, 1, 0, 0, 1]; [0, 0, 0, 0, 1, 0, 1, 0]; [0, 0, 0, 0, 1, 0, 1, 1]; [0, 0, 0, 0, 1, 1, 0, 0]; [0, 0, 0, 0, 1, 1, 0, 1]; [0, 0, 0, 0, 1, 1, 1, 0]; [0, 0, 0, 0, 1, 1, 1, 1]; [0, 0, 0, 1, 0, 0, 0, 0]; [0, 0, 0, 1, 0, 0, 0, 1]; [0, 0, 0, 1, 0, 0, 1, 0]; [0, 0, 0, 1, 0, 0, 1, 1]; [0, 0, 0, 1, 0, 1, 0, 0]; [0, 0, 0, 1, 0, 1, 0, 1]; [0, 0, 0, 1, 0, 1, 1, 0]; [0, 0, 0, 1, 0, 1, 1, 1]; [0, 0, 0, 1, 1, 0, 0, 0]; [0, 0, 0, 1, 1, 0, 0, 1]; [0, 0, 0, 1, 1, 0, 1, 0]; [0, 0, 0, 1, 1, 0, 1, 1]; [0, 0, 0, 1, 1, 1, 0, 0]; [0, 0, 0, 1, 1, 1, 0, 1]; [0, 0, 0, 1, 1, 1, 1, 0]; [0, 0, 0, 1, 1, 1, 1, 1]; [0, 0, 1, 0, 0, 0, 0, 0]; [0, 0, 1, 0, 0, 0, 0, 1]; [0, 0, 1, 0, 0, 0, 1, 0]; [0, 0, 1, 0, 0, 0, 1, 1]; [0, 0, 1, 0, 0, 1, 0, 0]; [0, 0, 1, 0, 0, 1, 0, 1]; [0, 0, 1, 0, 0, 1, 1, 0]; [0, 0, 1, 0, 0, 1, 1, 1]; [0, 0, 1, 0, 1, 0, 0, 0]; [0, 0, 1, 0, 1, 0, 0, 1]; [0, 0, 1, 0, 1, 0, 1, 0]; [0, 0, 1, 0, 1, 0, 1, 1]; [0, 0, 1, 0, 1, 1, 0, 0]; [0, 0, 1, 0, 1, 1, 0, 1]; [0, 0, 1, 0, 1, 1, 1, 0]; [0, 0, 1, 0, 1, 1, 1, 1]; [0, 0, 1, 1, 0, 0, 0, 0]; [0, 0, 1, 1, 0, 0, 0, 1]; [0, 0, 1, 1, 0, 0, 1, 0]; [0, 0, 1, 1, 0, 0, 1, 1]; [0, 0, 1, 1, 0, 1, 0, 0]; [0, 0, 1, 1, 0, 1, 0, 1]; [0, 0, 1, 1, 0, 1, 1, 0]; [0, 0, 1, 1, 0, 1, 1, 1]; [0, 0, 1, 1, 1, 0, 0, 0]; [0, 0, 1, 1, 1, 0, 0, 1]; [0, 0, 1, 1, 1, 0, 1, 0]; [0, 0, 1, 1, 1, 0, 1, 1]; [0, 0, 1, 1, 1, 1, 0, 0]; [0, 0, 1, 1, 1, 1, 0, 1]; [0, 0, 1, 1, 1, 1, 1, 0]; [0, 0, 1, 1, 1, 1, 1, 1]; [0, 1, 0, 0, 0, 0, 0, 0]; [0, 1, 0, 0, 0, 0, 0, 1]; [0, 1, 0, 0, 0, 0, 1, 0]; [0, 1, 0, 0, 0, 0, 1, 1]; [0, 1, 0, 0, 0, 1, 0, 0]; [0, 1, 0, 0, 0, 1, 0, 1]; [0, 1, 0, 0, 0, 1, 1, 0]; [0, 1, 0, 0, 0, 1, 1, 1]; [0, 1, 0, 0, 1, 0, 0, 0]; [0, 1, 0, 0, 1, 0, 0, 1]; [0, 1, 0, 0, 1, 0, 1, 0]; [0, 1, 0, 0, 1, 0, 1, 1]; [0, 1, 0, 0, 1, 1, 0, 0]; [0, 1, 0, 0, 1, 1, 0, 1]; [0, 1, 0, 0, 1, 1, 1, 0]; [0, 1, 0, 0, 1, 1, 1, 1]; [0, 1, 0, 1, 0, 0, 0, 0]; [0, 1, 0, 1, 0, 0, 0, 1]; [0, 1, 0, 1, 0, 0, 1, 0]; [0, 1, 0, 1, 0, 0, 1, 1]; [0, 1, 0, 1, 0, 1, 0, 0]; [0, 1, 0, 1, 0, 1, 0, 1]; [0, 1, 0, 1, 0, 1, 1, 0]; [0, 1, 0, 1, 0, 1, 1, 1]; [0, 1, 0, 1, 1, 0, 0, 0]; [0, 1, 0, 1, 1, 0, 0, 1]; [0, 1, 0, 1, 1, 0, 1, 0]; [0, 1, 0, 1, 1, 0, 1, 1]; [0, 1, 0, 1, 1, 1, 0, 0]; [0, 1, 0, 1, 1, 1, 0, 1]; [0, 1, 0, 1, 1, 1, 1, 0]; [0, 1, 0, 1, 1, 1, 1, 1]; [0, 1, 1, 0, 0, 0, 0, 0]; [0, 1, 1, 0, 0, 0, 0, 1]; [0, 1, 1, 0, 0, 0, 1, 0]; [0, 1, 1, 0, 0, 0, 1, 1]; [0, 1, 1, 0, 0, 1, 0, 0]; [0, 1, 1, 0, 0, 1, 0, 1]; [0, 1, 1, 0, 0, 1, 1, 0]; [0, 1, 1, 0, 0, 1, 1, 1]; [0, 1, 1, 0, 1, 0, 0, 0]; [0, 1, 1, 0, 1, 0, 0, 1]; [0, 1, 1, 0, 1, 0, 1, 0]; [0, 1, 1, 0, 1, 0, 1, 1]; [0, 1, 1, 0, 1, 1, 0, 0]; [0, 1, 1, 0, 1, 1, 0, 1]; [0, 1, 1, 0, 1, 1, 1, 0]; [0, 1, 1, 0, 1, 1, 1, 1]; [0, 1, 1, 1, 0, 0, 0, 0]; [0, 1, 1, 1, 0, 0, 0, 1]; [0, 1, 1, 1, 0, 0, 1, 0]; [0, 1, 1, 1, 0, 0, 1, 1]; [0, 1, 1, 1, 0, 1, 0, 0]; [0, 1, 1, 1, 0, 1, 0, 1]; [0, 1, 1, 1, 0, 1, 1, 0]; [0, 1, 1, 1, 0, 1, 1, 1]; [0, 1, 1, 1, 1, 0, 0, 0]; [0, 1, 1, 1, 1, 0, 0, 1]; [0, 1, 1, 1, 1, 0, 1, 0]; [0, 1, 1, 1, 1, 0, 1, 1]; [0, 1, 1, 1, 1, 1, 0, 0]; [0, 1, 1, 1, 1, 1, 0, 1]; [0, 1, 1, 1, 1, 1, 1, 0]; [0, 1, 1, 1, 1, 1, 1, 1]; [1, 0, 0, 0, 0, 0, 0, 0]; [1, 0, 0, 0, 0, 0, 0, 1]; [1, 0, 0, 0, 0, 0, 1, 0]; [1, 0, 0, 0, 0, 0, 1, 1]; [1, 0, 0, 0, 0, 1, 0, 0]; [1, 0, 0, 0, 0, 1, 0, 1]; [1, 0, 0, 0, 0, 1, 1, 0]; [1, 0, 0, 0, 0, 1, 1, 1]; [1, 0, 0, 0, 1, 0, 0, 0]; [1, 0, 0, 0, 1, 0, 0, 1]; [1, 0, 0, 0, 1, 0, 1, 0]; [1, 0, 0, 0, 1, 0, 1, 1]; [1, 0, 0, 0, 1, 1, 0, 0]; [1, 0, 0, 0, 1, 1, 0, 1]; [1, 0, 0, 0, 1, 1, 1, 0]; [1, 0, 0, 0, 1, 1, 1, 1]; [1, 0, 0, 1, 0, 0, 0, 0]; [1, 0, 0, 1, 0, 0, 0, 1]; [1, 0, 0, 1, 0, 0, 1, 0]; [1, 0, 0, 1, 0, 0, 1, 1]; [1, 0, 0, 1, 0, 1, 0, 0]; [1, 0, 0, 1, 0, 1, 0, 1]; [1, 0, 0, 1, 0, 1, 1, 0]; [1, 0, 0, 1, 0, 1, 1, 1]; [1, 0, 0, 1, 1, 0, 0, 0]; [1, 0, 0, 1, 1, 0, 0, 1]; [1, 0, 0, 1, 1, 0, 1, 0]; [1, 0, 0, 1, 1, 0, 1, 1]; [1, 0, 0, 1, 1, 1, 0, 0]; [1, 0, 0, 1, 1, 1, 0, 1]; [1, 0, 0, 1, 1, 1, 1, 0]; [1, 0, 0, 1, 1, 1, 1, 1]; [1, 0, 1, 0, 0, 0, 0, 0]; [1, 0, 1, 0, 0, 0, 0, 1]; [1, 0, 1, 0, 0, 0, 1, 0]; [1, 0, 1, 0, 0, 0, 1, 1]; [1, 0, 1, 0, 0, 1, 0, 0]; [1, 0, 1, 0, 0, 1, 0, 1]; [1, 0, 1, 0, 0, 1, 1, 0]; [1, 0, 1, 0, 0, 1, 1, 1]; [1, 0, 1, 0, 1, 0, 0, 0]; [1, 0, 1, 0, 1, 0, 0, 1]; [1, 0, 1, 0, 1, 0, 1, 0]; [1, 0, 1, 0, 1, 0, 1, 1]; [1, 0, 1, 0, 1, 1, 0, 0]; [1, 0, 1, 0, 1, 1, 0, 1]; [1, 0, 1, 0, 1, 1, 1, 0]; [1, 0, 1, 0, 1, 1, 1, 1]; [1, 0, 1, 1, 0, 0, 0, 0]; [1, 0, 1, 1, 0, 0, 0, 1]; [1, 0, 1, 1, 0, 0, 1, 0]; [1, 0, 1, 1, 0, 0, 1, 1]; [1, 0, 1, 1, 0, 1, 0, 0]; [1, 0, 1, 1, 0, 1, 0, 1]; [1, 0, 1, 1, 0, 1, 1, 0]; [1, 0, 1, 1, 0, 1, 1, 1]; [1, 0, 1, 1, 1, 0, 0, 0]; [1, 0, 1, 1, 1, 0, 0, 1]; [1, 0, 1, 1, 1, 0, 1, 0]; [1, 0, 1, 1, 1, 0, 1, 1]; [1, 0, 1, 1, 1, 1, 0, 0]; [1, 0, 1, 1, 1, 1, 0, 1]; [1, 0, 1, 1, 1, 1, 1, 0]; [1, 0, 1, 1, 1, 1, 1, 1]; [1, 1, 0, 0, 0, 0, 0, 0]; [1, 1, 0, 0, 0, 0, 0, 1]; [1, 1, 0, 0, 0, 0, 1, 0]; [1, 1, 0, 0, 0, 0, 1, 1]; [1, 1, 0, 0, 0, 1, 0, 0]; [1, 1, 0, 0, 0, 1, 0, 1]; [1, 1, 0, 0, 0, 1, 1, 0]; [1, 1, 0, 0, 0, 1, 1, 1]; [1, 1, 0, 0, 1, 0, 0, 0]; [1, 1, 0, 0, 1, 0, 0, 1]; [1, 1, 0, 0, 1, 0, 1, 0]; [1, 1, 0, 0, 1, 0, 1, 1]; [1, 1, 0, 0, 1, 1, 0, 0]; [1, 1, 0, 0, 1, 1, 0, 1]; [1, 1, 0, 0, 1, 1, 1, 0]; [1, 1, 0, 0, 1, 1, 1, 1]; [1, 1, 0, 1, 0, 0, 0, 0]; [1, 1, 0, 1, 0, 0, 0, 1]; [1, 1, 0, 1, 0, 0, 1, 0]; [1, 1, 0, 1, 0, 0, 1, 1]; [1, 1, 0, 1, 0, 1, 0, 0]; [1, 1, 0, 1, 0, 1, 0, 1]; [1, 1, 0, 1, 0, 1, 1, 0]; [1, 1, 0, 1, 0, 1, 1, 1]; [1, 1, 0, 1, 1, 0, 0, 0]; [1, 1, 0, 1, 1, 0, 0, 1]; [1, 1, 0, 1, 1, 0, 1, 0]; [1, 1, 0, 1, 1, 0, 1, 1]; [1, 1, 0, 1, 1, 1, 0, 0]; [1, 1, 0, 1, 1, 1, 0, 1]; [1, 1, 0, 1, 1, 1, 1, 0]; [1, 1, 0, 1, 1, 1, 1, 1]; [1, 1, 1, 0, 0, 0, 0, 0]; [1, 1, 1, 0, 0, 0, 0, 1]; [1, 1, 1, 0, 0, 0, 1, 0]; [1, 1, 1, 0, 0, 0, 1, 1]; [1, 1, 1, 0, 0, 1, 0, 0]; [1, 1, 1, 0, 0, 1, 0, 1]; [1, 1, 1, 0, 0, 1, 1, 0]; [1, 1, 1, 0, 0, 1, 1, 1]; [1, 1, 1, 0, 1, 0, 0, 0]; [1, 1, 1, 0, 1, 0, 0, 1]; [1, 1, 1, 0, 1, 0, 1, 0]; [1, 1, 1, 0, 1, 0, 1, 1]; [1, 1, 1, 0, 1, 1, 0, 0]; [1, 1, 1, 0, 1, 1, 0, 1]; [1, 1, 1, 0, 1, 1, 1, 0]; [1, 1, 1, 0, 1, 1, 1, 1]; [1, 1, 1, 1, 0, 0, 0, 0]; [1, 1, 1, 1, 0, 0, 0, 1]; [1, 1, 1, 1, 0, 0, 1, 0]; [1, 1, 1, 1, 0, 0, 1, 1]; [1, 1, 1, 1, 0, 1, 0, 0]; [1, 1, 1, 1, 0, 1, 0, 1]; [1, 1, 1, 1, 0, 1, 1, 0]; [1, 1, 1, 1, 0, 1, 1, 1]; [1, 1, 1, 1, 1, 0, 0, 0]; [1, 1, 1, 1, 1, 0, 0, 1]; [1, 1, 1, 1, 1, 0, 1, 0]; [1, 1, 1, 1, 1, 0, 1, 1]; [1, 1, 1, 1, 1, 1, 0, 0]; [1, 1, 1, 1, 1, 1, 0, 1]; [1, 1, 1, 1, 1, 1, 1, 0]; [1, 1, 1, 1, 1, 1, 1, 1]];
%experimental counts
